R2 Score: 0.996504
RMSE: 0.361077
alpha: 0.08174336933747732
beta: 0.6422515424996659
gamma: 27.98551565473804
delta: 1.0901915105514108
